 19.72
 -8.90
 76.08
  5.91
 66.93
-49.89
 39.83
 23.87
-50.15
 49.93
 -2.48
 32.38
-22.64
-28.47
 73.05
-30.47
-11.22
 24.48
-38.80
-36.96
-35.83
-29.24
 -5.61
-19.63
-57.12
 54.49
 14.80
-12.83
 42.00
 44.47
 17.55
 16.71
 28.52
-30.54
-101.47
 -5.32
 54.02
 11.01
-33.94
 28.07
-20.45
 16.01
 11.76
 10.00
-39.59
-65.01
 23.31
-10.06
-23.68
 16.91
 -4.39
 -4.89
  6.15
 17.75
-19.30
 32.79
 28.88
 -6.57
-11.38
-45.07
-31.41
 31.51
-10.85
-15.30
-29.64
-15.62
 50.39
 15.98
 25.18
 66.26
-69.29
-14.87
-69.88
 -2.73
 25.53
-46.35
 14.40
 -4.12
 -4.72
-23.13
